1 0.501000 0.698667 0.998000 0.602667
2 0.482000 0.370667 0.216000 0.485333
2 0.642000 0.414667 0.120000 0.344000
2 0.681000 0.634667 0.226000 0.245333
2 0.281000 0.494667 0.094000 0.173333
2 0.358000 0.510667 0.076000 0.136000
2 0.185000 0.558667 0.126000 0.285333
2 0.094000 0.582667 0.124000 0.274667
2 0.197000 0.402667 0.110000 0.266667
2 0.897000 0.618667 0.158000 0.277333
2 0.801000 0.534667 0.046000 0.082667
2 0.052000 0.438667 0.060000 0.184000
2 0.024000 0.414667 0.040000 0.093333
2 0.019000 0.662667 0.034000 0.189333
2 0.568000 0.486667 0.084000 0.130667
