2 0.730667 0.519000 0.106667 0.110000
2 0.582667 0.481000 0.104000 0.090000
2 0.066667 0.877000 0.128000 0.158000
2 0.118667 0.784000 0.104000 0.120000
2 0.134667 0.687000 0.098667 0.118000
2 0.270667 0.405000 0.098667 0.186000
2 0.058667 0.408000 0.106667 0.144000
2 0.434667 0.415000 0.138667 0.190000
2 0.222667 0.146000 0.072000 0.132000
2 0.368000 0.174000 0.090667 0.148000
2 0.341333 0.068000 0.064000 0.108000
2 0.728000 0.147000 0.080000 0.094000
2 0.644000 0.219000 0.077333 0.098000
2 0.556000 0.206000 0.066667 0.100000
