1 0.703 0.725 0.438 0.213
1 0.259 0.807 0.478 0.237
1 0.111 0.515 0.184 0.085
1 0.402 0.548 0.2 0.115
1 0.519 0.559 0.234 0.115
1 0.115 0.515 0.154 0.019
1 0.883 0.512 0.112 0.107
1 0.953 0.515 0.058 0.085
1 0.519 0.485 0.154 0.043
1 0.279 0.5 0.134 0.072
2 0.87 0.441 0.028 0.061
2 0.896 0.429 0.028 0.059
2 0.924 0.435 0.032 0.053
2 0.459 0.437 0.022 0.064
2 0.432 0.431 0.024 0.067
2 0.281 0.533 0.022 0.155
2 0.282 0.436 0.024 0.051
2 0.306 0.495 0.028 0.072
2 0.355 0.481 0.038 0.056
2 0.392 0.468 0.04 0.045
2 0.45 0.469 0.032 0.048
2 0.27 0.455 0.038 0.056
