1 0.815000 0.712349 0.126000 0.117470
2 0.912000 0.790663 0.032000 0.117470
2 0.772000 0.751506 0.028000 0.045181
2 0.694000 0.784639 0.028000 0.099398
2 0.672000 0.781627 0.036000 0.129518
2 0.545000 0.778614 0.030000 0.129518
2 0.437000 0.775602 0.034000 0.129518
2 0.309000 0.769578 0.030000 0.123494
2 0.258000 0.766566 0.040000 0.141566
2 0.195000 0.763554 0.038000 0.250000
2 0.130000 0.760542 0.028000 0.250000
1 0.979000 0.733434 0.038000 0.069277
1 0.948000 0.733434 0.052000 0.099398
1 0.899000 0.725904 0.070000 0.126506
