1 0.064000 0.688000 0.124000 0.176000
1 0.225000 0.702667 0.138000 0.125333
1 0.407000 0.685333 0.150000 0.138667
1 0.166000 0.705333 0.128000 0.109333
2 0.298000 0.808000 0.200000 0.384000
2 0.776000 0.698667 0.040000 0.138667
2 0.320000 0.490667 0.028000 0.117333
2 0.453000 0.506667 0.026000 0.096000
2 0.019000 0.430667 0.026000 0.130667
1 0.355000 0.702667 0.078000 0.114667
1 0.554000 0.697333 0.136000 0.109333
1 0.639000 0.700000 0.106000 0.098667
1 0.707000 0.704000 0.090000 0.106667
1 0.747000 0.694667 0.070000 0.093333
1 0.862000 0.669333 0.068000 0.106667
1 0.835000 0.686667 0.050000 0.077333
