2 0.156 0.159 0.068 0.109
2 0.448 0.177 0.032 0.061
2 0.221 0.199 0.042 0.088
2 0.399 0.619 0.042 0.085
2 0.332 0.768 0.06 0.085
2 0.331 0.685 0.07 0.101
2 0.398 0.731 0.056 0.091
2 0.411 0.965 0.054 0.059
2 0.526 0.676 0.032 0.067
2 0.533 0.457 0.046 0.077
2 0.609 0.353 0.026 0.099
2 0.695 0.545 0.042 0.088
2 0.721 0.713 0.046 0.083
2 0.654 0.719 0.032 0.077
2 0.693 0.791 0.03 0.067
2 0.688 0.176 0.028 0.069
2 0.603 0.181 0.026 0.075
2 0.562 0.152 0.028 0.085
2 0.651 0.156 0.03 0.067
2 0.608 0.137 0.036 0.077
2 0.579 0.104 0.022 0.048
