2 0.586000 0.566667 0.828000 0.866667
2 0.540000 0.498667 0.172000 0.730667
2 0.396000 0.526667 0.176000 0.722667
2 0.038000 0.392000 0.060000 0.176000
2 0.074000 0.390667 0.040000 0.162667
2 0.971000 0.478667 0.058000 0.525333
1 0.273000 0.410667 0.090000 0.085333
1 0.229000 0.402667 0.090000 0.085333
1 0.931000 0.429333 0.050000 0.064000
1 0.884000 0.469333 0.048000 0.117333
1 0.185000 0.400000 0.062000 0.080000
1 0.162000 0.394667 0.060000 0.074667
1 0.126000 0.394667 0.068000 0.074667
1 0.102000 0.386667 0.060000 0.064000
