1 0.784000 0.471471 0.220000 0.210210
1 0.834000 0.040541 0.084000 0.075075
1 0.140000 0.075075 0.100000 0.090090
1 0.416000 0.033033 0.088000 0.060060
1 0.283000 0.264264 0.154000 0.144144
1 0.393000 0.337838 0.114000 0.153153
1 0.424000 0.438438 0.204000 0.108108
1 0.458000 0.582583 0.312000 0.240240
1 0.535000 0.214715 0.130000 0.129129
1 0.720000 0.240240 0.140000 0.144144
1 0.669000 0.075075 0.098000 0.126126
1 0.934000 0.256757 0.132000 0.153153
1 0.912000 0.199700 0.120000 0.141141
1 0.976000 0.088589 0.040000 0.087087
1 0.657000 0.289790 0.134000 0.171171
