1 0.916667 0.700413 0.131944 0.111570
1 0.149306 0.128099 0.111111 0.049587
1 0.145833 0.194215 0.118056 0.107438
1 0.736111 0.799587 0.125000 0.119835
1 0.770833 0.923554 0.111111 0.144628
1 0.407986 0.510331 0.072917 0.053719
1 0.364583 0.584711 0.104167 0.078512
1 0.413194 0.142562 0.097222 0.095041
1 0.454861 0.714876 0.111111 0.099174
1 0.458333 0.820248 0.131944 0.128099
1 0.451389 0.942149 0.152778 0.115702
1 0.819444 0.438017 0.069444 0.066116
1 0.737847 0.417355 0.072917 0.057851
1 0.192708 0.419421 0.100694 0.103306
1 0.170139 0.814050 0.145833 0.173554
1 0.414931 0.636364 0.114583 0.115702
1 0.645833 0.692149 0.145833 0.119835
1 0.647569 0.628099 0.114583 0.107438
1 0.687500 0.386364 0.076389 0.078512
