1 0.375000 0.598667 0.746000 0.669333
2 0.653000 0.394667 0.094000 0.234667
2 0.553000 0.376000 0.082000 0.176000
2 0.522000 0.322667 0.076000 0.288000
2 0.581000 0.278667 0.058000 0.162667
2 0.650000 0.300000 0.080000 0.200000
2 0.725000 0.446667 0.070000 0.392000
2 0.939000 0.310667 0.066000 0.168000
2 0.937000 0.486667 0.102000 0.221333
1 0.834000 0.338667 0.180000 0.090667
2 0.376000 0.426667 0.040000 0.064000
2 0.312000 0.430667 0.024000 0.056000
2 0.039000 0.438667 0.074000 0.178667
2 0.955000 0.502667 0.070000 0.152000
