1 0.501000 0.540000 0.998000 0.808000
2 0.918000 0.210667 0.064000 0.218667
2 0.974000 0.202667 0.052000 0.293333
2 0.259000 0.145333 0.074000 0.136000
2 0.164000 0.130667 0.100000 0.165333
2 0.089000 0.150667 0.102000 0.136000
2 0.024000 0.134667 0.040000 0.184000
2 0.310000 0.141333 0.080000 0.133333
2 0.768000 0.114667 0.040000 0.074667
2 0.732000 0.122667 0.028000 0.053333
2 0.708000 0.118667 0.028000 0.061333
2 0.662000 0.126667 0.036000 0.040000
2 0.418000 0.126667 0.032000 0.050667
2 0.348000 0.126667 0.044000 0.066667
2 0.856000 0.194667 0.040000 0.053333
