1 0.338000 0.644543 0.216000 0.221239
2 0.913000 0.631268 0.074000 0.330383
2 0.966000 0.632743 0.068000 0.345133
2 0.816000 0.604720 0.084000 0.336283
2 0.675000 0.582596 0.102000 0.297935
2 0.772000 0.594395 0.032000 0.315634
2 0.743000 0.598820 0.042000 0.300885
2 0.505000 0.585546 0.046000 0.221239
2 0.577000 0.588496 0.050000 0.221239
2 0.541000 0.588496 0.034000 0.203540
2 0.633000 0.597345 0.046000 0.221239
2 0.461000 0.588496 0.074000 0.203540
2 0.132000 0.672566 0.260000 0.654867
2 0.697000 0.289086 0.070000 0.176991
2 0.798000 0.256637 0.064000 0.171091
2 0.740000 0.277286 0.036000 0.171091
2 0.766000 0.259587 0.032000 0.188791
