0 0.483333 0.591071 0.474359 0.275000
2 0.060256 0.403571 0.100000 0.471429
2 0.142308 0.412500 0.115385 0.496429
2 0.252564 0.376786 0.110256 0.496429
2 0.374359 0.500000 0.123077 0.285714
2 0.350000 0.269643 0.094872 0.217857
2 0.428205 0.301786 0.107692 0.289286
2 0.515385 0.312500 0.123077 0.282143
2 0.628205 0.314286 0.112821 0.250000
2 0.698718 0.319643 0.110256 0.303571
2 0.785897 0.401786 0.100000 0.325000
2 0.848718 0.423214 0.076923 0.439286
2 0.964103 0.419643 0.066667 0.432143
2 0.924359 0.121429 0.120513 0.164286
2 0.888462 0.294643 0.058974 0.210714
2 0.789744 0.203571 0.046154 0.092857
2 0.587179 0.301786 0.051282 0.353571
2 0.664103 0.207143 0.056410 0.135714
2 0.407692 0.187500 0.071795 0.182143
2 0.182051 0.223214 0.066667 0.146429
2 0.302564 0.153571 0.066667 0.128571
