0 0.896601 0.300000 0.150142 0.092857
2 0.045326 0.628571 0.067989 0.314286
2 0.113314 0.614286 0.073654 0.278571
2 0.208215 0.600000 0.053824 0.285714
2 0.160057 0.575000 0.053824 0.242857
2 0.094901 0.448214 0.059490 0.096429
2 0.185552 0.423214 0.059490 0.125000
2 0.296034 0.442857 0.093484 0.228571
2 0.327195 0.546429 0.031161 0.207143
2 0.301700 0.551786 0.053824 0.260714
2 0.398017 0.558929 0.042493 0.253571
2 0.434844 0.539286 0.042493 0.221429
2 0.466006 0.525000 0.048159 0.178571
2 0.541076 0.507143 0.033994 0.142857
2 0.580737 0.516071 0.039660 0.146429
2 0.611898 0.516071 0.039660 0.125000
2 0.610482 0.403571 0.076487 0.114286
2 0.702550 0.491071 0.033994 0.132143
2 0.837110 0.425000 0.036827 0.135714
2 0.796034 0.444643 0.045326 0.132143
2 0.916431 0.455357 0.048159 0.153571
2 0.958924 0.446429 0.048159 0.157143
2 0.665722 0.505357 0.039660 0.132143
