0 0.453846 0.201786 0.410256 0.396429
2 0.075641 0.817857 0.094872 0.207143
2 0.153846 0.800000 0.061538 0.221429
2 0.184615 0.798214 0.051282 0.246429
2 0.288462 0.778571 0.084615 0.257143
2 0.128205 0.755357 0.046154 0.196429
2 0.217949 0.780357 0.051282 0.196429
2 0.369231 0.785714 0.056410 0.214286
2 0.400000 0.771429 0.041026 0.192857
2 0.430769 0.785714 0.051282 0.221429
2 0.485897 0.787500 0.053846 0.232143
2 0.838462 0.810714 0.066667 0.221429
2 0.676923 0.741071 0.041026 0.132143
1 0.039744 0.676786 0.074359 0.082143
1 0.088462 0.675000 0.074359 0.071429
1 0.688462 0.701786 0.110256 0.053571
